57,1
57,3
60,1
60,3
59,1
59,3
56,1
56,3
58,1
58,3
55,1
55,3
3,2
3,1
3,3
10,65
10,299
10,69
10,255
10,265
10,7
10,125
10,279
10,2
10,3
11,25
11,12
11,6
11,27
11,26
11,4
9,5
9,2
9,3
8,14
8,8
8,5
8,10
8,15
8,2
8,3
12,2
12,1
12,3
20,2
20,1
20,3
19,2
19,1
19,3
18,1
18,3
14,1
14,3
13,1
13,3
53,3
53,2
53,1
53,0
52,3
52,2
52,1
52,0
51,5
51,4
51,3
51,2
51,1
51,0
50,4
50,3
50,2
50,1
50,0
49,3
49,2
49,1
49,0
48,3
48,2
48,1
48,0
35,4
35,3
35,2
35,1
35,0
34,3
34,2
34,1
34,0
33,3
33,2
33,1
33,0
32,3
32,2
32,1
32,0
30,4
30,3
30,2
30,1
30,0
